% -------------------------------------------------------------------
%  Generated by MATLAB on 15-Mar-2018 09:55:36
%  MATLAB version: 9.1.0.441655 (R2016b)
% -------------------------------------------------------------------
                                           

A = 2.5;

A0 = 0;

T = 0.42857142857142855;

ans = [0 0 0 0 0 0 0 0 0 0 0 0 0 0 0 0 0 0 0 0 0 0 0 0 0 0 0 0 0 0 0 0 ...
       0 0 0 0 0 0 0 0 0 0 0 0 0 0 0 0 0 0 0 0 0 0 0 0 0 0 0 0 0 0 0 0 ...
       0 0 0 0 0 0 0 0 0 0 0 0 0 0 0 0 0 0 0 0 0 0 0 0 0 0 0 0 0 0 0 0 ...
       0 0 0 0 0 0.36520757140602939 0.72257949236117969 1.0644482289126824 ...
       1.3834788731083614 1.6728265158971467 1.9262831069394744 2.1384106504012679 ...
       2.3046578789712524 2.4214579028215786 2.4863047384206838 2.4978070752471457 ...
       2.4557181268217212 2.3609409255937011 2.2155089480780346 2.0225424859373655 ...
       1.7861816990820105 1.5114977871559394 1.20438418525429 0.87143011830453943 ...
       0.51977922704439927 0.15697629882328396 -0.2091946083307876 -0.57087717527663873 ...
       -0.9203113817116948 -1.2500000000000002 -1.5528694506957765 -1.8224215685535297 ...
       -2.0528730228342607 -2.2392794005985333 -2.3776412907378845 -2.4649900926762629 ...
       -2.499451708687114 -2.4802867532861943 -2.4079064169941446 -2.2838636441065012 ...
       -2.1108198137550351 -1.8924876391293881 -1.6335515099752593 -1.3395669874474871 ...
       -1.0168416076894964 -0.67229955153816678 -0.31333308391076165 0.052356049708390744 ...
       0.41692186679025345 0.772542485937368 1.1115879479623176 1.4267839192110796 ...
       1.7113677648217216 1.9592336433146005 2.1650635094610973 2.3244412147206286 ...
       2.4339472571829011 2.4912321481237609 2.4950668210706786 2.4453690018345138 ...
       2.343204973729728 2.1907667001096582 1.9913247950604878 1.7491583512834106 ...
       1.4694631307311798 1.1582400877996517 0.82216661684645165 0.46845328646430545 ...
       0.10468913432299347 -0.26132115816913865 -0.62172471791214123 -0.96878896613025678 ...
       -1.2950675234328244 -1.5935599743717228 -1.8578620636934839 -2.0823031017752496 ...
       -2.2620676311650492 -2.3932987438301683 -2.4731808324074707 -2.5 ...
       -2.47318083240747 -2.3932987438301674 -2.2620676311650483 -2.0823031017752482 ...
       -1.8578620636934824 -1.593559974371721 -1.2950675234328224 -0.96878896613025467 ...
       -0.62172471791213468 -0.26132115816912754 0.10468913432300464 0.46845328646431644 ...
       0.82216661684646231 1.1582400877996577 1.4694631307311889 1.7491583512834186 ...
       1.9913247950604893 2.1907667001096596 2.3432049737297289 2.4453690018345142 ...
       2.495066821070679 2.4912321481237609 2.4339472571829 2.3244412147206277 ...
       2.1650635094610959 1.9592336433145934 1.7113677648217216 1.4267839192110721 ...
       1.1115879479623156 0.77254248593737418 0.41692186679025334 0.052356049708395108 ...
       -0.31333308391076614 -0.67229955153816046 -1.0168416076895046 -1.3395669874474909 ...
       -1.633551509975266 -1.8924876391293899 -2.1108198137550387 -2.2838636441065012 ...
       -2.4079064169941482 -2.4802867532861943 -2.4994517086871135 -2.464990092676262 ...
       -2.3776412907378814 -2.239279400598531 -2.0528730228342567 -1.8224215685535283 ...
       -1.5528694506957652 -1.2500000000000002 -0.92031138171168347 -0.57087717527664084 ...
       -0.20919460833077758 0.15697629882328956 0.51977922704440815 0.87143011830454264 ...
       1.204384185254288 1.51149778715594 1.7861816990820074 2.02254248593737 ...
       2.2155089480780359 2.3609409255937059 2.4557181268217212 2.4978070752471462 ...
       2.4863047384206838 2.4214579028215759 2.30465787897125 2.138410650401263 ...
       1.9262831069394721 1.6728265158971416 1.38347887310836 1.0644482289126698 ...
       0.72257949236117991 0.36520757140601739 -0.66182410424110616 1.3386904605597802 ...
       1.2193297995300068 -0.32194627207766535 -1.4254342984653836 0.5143103897173793 ...
       1.0115119061311635 1.41449891493379 -1.329201343694256 -0.14902856179964097 ...
       0.24741090520886133 0.55991344348890948 0.65829825778799433 0.45012225577617238 ...
       0.68074365273795578 -0.37845700248005509 0.24474624963859726 -1.1516444616617991 ...
       -1.3270369163553832 1.4392956719279595 -0.64552881941814677 0.28492289642878887 ...
       1.3864830930337795 -0.94266520977426516 -0.92088055206892028 -0.47506768606457483 ...
       1.2986936874542412 -0.3279973901472113 -0.68034987600010965 -1.0441587604594673 ...
       -0.30867347176964488 -0.37583259914627232 -1.1066558788709839 -0.19487784631311955 ...
       -1.2254604983621675 0.34388087403883771 -1.4670627231275648 0.21978114979011698 ...
       0.86918957407728525 -0.7938996805473918 -0.15594085960784732 0.20807454985479623 ...
       -1.3157956731274592 -0.011133343080345526 0.42694570375589547 -0.8362028096186862 ...
       1.0111693365956418 1.4132256943275405 1.0391186630795204 0.017998367671644866 ...
       -0.66337316656430811 0.73985166548460413 -0.78920884766138955 1.3720358448573697 ...
       0.36078010823331241 0.30078643652288339 -0.98218649505699418 -1.2289597855703263 ...
       -0.73421339206923364 1.0757115937776298 1.2332011601933823 0.59890130167728772 ...
       0.67554706507016249 -0.81034176342751063 0.22816036896406322 0.93188431502381741 ...
       -0.28846989484780305 1.4653178015992352 -1.2300035550393349 -0.53717690205671575 ...
       0.034226816457533893 -1.3181809002952734 0.67706377063753154 0.16966724568597602 ...
       0.0880797074437698 0.98994729609958609 1.0762771022154118 0.86708676994184719 ...
       -0.54650083882131451 -0.1433776387110548 0.75668391014982728 -1.1704148827479428 ...
       -1.1707728942182891 -0.6903490088867974 0.073912036188932717 1.4179532309324911 ...
       0.63122605583450841 -0.56442016455740129 -0.62562861705681794 1.0510720121238641 ...
       1.2349422720235603 0.41782844182819123 -0.73388910616666969 -1.2340024799031508 ...
       1.0147667626116772 0.25415585778996119 1.3443262061880663 -1.3169132124224723 ...
       0.25392391006533166 -0.64467574302407438 0.98319652034478988 -0.92704067790780664 ...
       -0.17241011339134893 -0.31976548089727075 0.979721937128295 0.53061328031525656 ...
       -0.87719089686005847 -0.54568582154921041 -1.098567043931622 0.51438866843409192 ...
       0.21297322638721705 -0.9906988019205345 -1.0570326685447895 -0.07176084519763104 ...
       1.2243072495208498 0.15652508014750421 -1.40118032175037 -1.3384112206933316 ...
       0.91518968567670633 -0.14587543588965546 -0.3520613113201243 0.86893111106907206 ...
       -0.40713939150061806 0.097049804996731215 0.63497011794379965 1.1144295539875402 ...
       -0.513931164983313 0.45035407619333112 1.4245084440082727 -1.2720979161175932 ...
       0.26105750124831539 -0.25834050667991981 -0.57259072060119887 -0.70849787541961429 ...
       0.77629879524061174 1.4856479433892558 -0.94028566757589249 0.84343580560429343 ...
       -0.91260605691980412 1.4770769195397797 0.90678470929286625 -0.2273198702900816 ...
       0.68659160415412179 -0.0049392524293450091 0.9269708015971343 -0.43047319955686181 ...
       -1.2802696965305778 0.27297436582454804 1.230563492184424 -0.91870219150016907 ...
       -0.2028966253968072 0.74747918720402762 -1.382446540057251 1.3389749694164479 ...
       0.79101997099128329 0.17646165152868076 -0.948471166602676 -0.0061535549431592784 ...
       0.053536800702151943 1.4827290319321511 1.064555049272025 1.3872118191359126 ...
       0.53682302693109962 -0.28949583358691777 1.3049372585341552 -0.061546363102555457 ...
       -0.80462516501064929 -0.31112925447067363 0.61523242533836653 0.17567710368165024 ...
       0.76989210268310249 1.4864431756657734 1.387294213099902 0.10520131576847103 ...
       1.3916103899151437 -1.1531223624562223 -1.3456551203093841 -0.58695316309027967 ...
